{
 "cells": [
  {
   "cell_type": "code",
   "execution_count": 1,
   "metadata": {
    "collapsed": true
   },
   "outputs": [],
   "source": [
    "from evaluation import *\n",
    "import matplotlib.pyplot as plt"
   ]
  },
  {
   "cell_type": "code",
   "execution_count": 2,
   "outputs": [
    {
     "name": "stdout",
     "output_type": "stream",
     "text": [
      "[[[0.97 0.9  0.1  0.1 ]\n",
      "  [0.95 0.3  0.7  0.9 ]\n",
      "  [0.99 1.   0.   0.1 ]\n",
      "  ...\n",
      "  [0.92 0.7  0.4  0.7 ]\n",
      "  [0.93 0.7  0.4  0.7 ]\n",
      "  [0.9  0.8  0.3  0.5 ]]\n",
      "\n",
      " [[0.8  0.8  0.4  0.7 ]\n",
      "  [0.86 0.8  0.9  0.3 ]\n",
      "  [0.79 0.9  0.1  0.5 ]\n",
      "  ...\n",
      "  [0.82 0.3  0.7  0.5 ]\n",
      "  [0.86 0.3  0.7  0.5 ]\n",
      "  [0.87 0.7  0.3  0.5 ]]\n",
      "\n",
      " [[0.97 0.9  0.2  0.1 ]\n",
      "  [0.94 0.7  0.3  0.4 ]\n",
      "  [0.9  0.9  0.1  0.1 ]\n",
      "  ...\n",
      "  [0.92 0.8  0.2  0.2 ]\n",
      "  [0.95 0.8  0.2  0.2 ]\n",
      "  [0.89 0.9  0.1  0.2 ]]\n",
      "\n",
      " ...\n",
      "\n",
      " [[0.83 1.   0.   0.  ]\n",
      "  [0.79 1.   0.   0.  ]\n",
      "  [0.71 1.   0.   0.  ]\n",
      "  ...\n",
      "  [0.84 1.   0.   0.  ]\n",
      "  [0.83 1.   0.   0.  ]\n",
      "  [0.94 1.   0.   0.  ]]\n",
      "\n",
      " [[0.92 0.8  0.2  0.6 ]\n",
      "  [0.79 0.9  0.1  0.3 ]\n",
      "  [0.83 0.3  0.8  0.8 ]\n",
      "  ...\n",
      "  [0.87 0.5  0.6  0.7 ]\n",
      "  [0.92 0.8  0.2  0.2 ]\n",
      "  [0.95 1.   0.   0.  ]]\n",
      "\n",
      " [[0.72 0.8  0.2  0.2 ]\n",
      "  [0.67 0.9  0.1  0.1 ]\n",
      "  [0.56 0.9  0.1  0.  ]\n",
      "  ...\n",
      "  [0.74 0.6  0.4  0.4 ]\n",
      "  [0.75 0.7  0.3  0.2 ]\n",
      "  [0.62 0.7  0.3  0.3 ]]]\n"
     ]
    }
   ],
   "source": [
    "data = file(\"data.txt\")\n",
    "print(np.array(data))"
   ],
   "metadata": {
    "collapsed": false
   }
  },
  {
   "cell_type": "code",
   "execution_count": 3,
   "outputs": [
    {
     "name": "stdout",
     "output_type": "stream",
     "text": [
      "1.0\n"
     ]
    }
   ],
   "source": [
    "sim = sim_mms(data[1],data[1])\n",
    "print(sim)"
   ],
   "metadata": {
    "collapsed": false
   }
  },
  {
   "cell_type": "code",
   "execution_count": 4,
   "outputs": [
    {
     "name": "stdout",
     "output_type": "stream",
     "text": [
      "[[1.    0.686 0.763 0.683 0.682 0.639 0.714 0.681 0.71  0.709 0.744 0.768\n",
      "  0.67  0.711 0.744 0.714 0.77  0.624 0.705 0.662]\n",
      " [0.686 1.    0.665 0.711 0.583 0.602 0.738 0.639 0.748 0.675 0.675 0.682\n",
      "  0.717 0.709 0.75  0.676 0.721 0.552 0.673 0.701]\n",
      " [0.763 0.665 1.    0.717 0.74  0.762 0.732 0.635 0.726 0.823 0.686 0.872\n",
      "  0.728 0.825 0.71  0.787 0.774 0.762 0.787 0.756]\n",
      " [0.683 0.711 0.717 1.    0.668 0.609 0.732 0.653 0.754 0.695 0.704 0.723\n",
      "  0.814 0.732 0.827 0.768 0.74  0.606 0.75  0.683]\n",
      " [0.682 0.583 0.74  0.668 1.    0.676 0.649 0.683 0.613 0.682 0.727 0.706\n",
      "  0.666 0.706 0.656 0.678 0.69  0.717 0.694 0.665]\n",
      " [0.639 0.602 0.762 0.609 0.676 1.    0.643 0.617 0.62  0.751 0.602 0.771\n",
      "  0.605 0.76  0.594 0.748 0.675 0.881 0.716 0.731]\n",
      " [0.714 0.738 0.732 0.732 0.649 0.643 1.    0.648 0.719 0.735 0.694 0.732\n",
      "  0.746 0.772 0.764 0.695 0.744 0.603 0.743 0.723]\n",
      " [0.681 0.639 0.635 0.653 0.683 0.617 0.648 1.    0.612 0.656 0.779 0.674\n",
      "  0.633 0.626 0.711 0.661 0.683 0.606 0.682 0.629]\n",
      " [0.71  0.748 0.726 0.754 0.613 0.62  0.719 0.612 1.    0.716 0.666 0.732\n",
      "  0.766 0.743 0.768 0.741 0.767 0.586 0.747 0.696]\n",
      " [0.709 0.675 0.823 0.695 0.682 0.751 0.735 0.656 0.716 1.    0.659 0.815\n",
      "  0.708 0.815 0.682 0.773 0.762 0.761 0.775 0.77 ]\n",
      " [0.744 0.675 0.686 0.704 0.727 0.602 0.694 0.779 0.666 0.659 1.    0.708\n",
      "  0.669 0.661 0.769 0.682 0.741 0.578 0.695 0.661]\n",
      " [0.768 0.682 0.872 0.723 0.706 0.771 0.732 0.674 0.732 0.815 0.708 1.\n",
      "  0.711 0.806 0.72  0.776 0.768 0.755 0.782 0.744]\n",
      " [0.67  0.717 0.728 0.814 0.666 0.605 0.746 0.633 0.766 0.708 0.669 0.711\n",
      "  1.    0.775 0.767 0.725 0.748 0.613 0.762 0.685]\n",
      " [0.711 0.709 0.825 0.732 0.706 0.76  0.772 0.626 0.743 0.815 0.661 0.806\n",
      "  0.775 1.    0.72  0.772 0.774 0.745 0.79  0.805]\n",
      " [0.744 0.75  0.71  0.827 0.656 0.594 0.764 0.711 0.768 0.682 0.769 0.72\n",
      "  0.767 0.72  1.    0.729 0.767 0.55  0.761 0.688]\n",
      " [0.714 0.676 0.787 0.768 0.678 0.748 0.695 0.661 0.741 0.773 0.682 0.776\n",
      "  0.725 0.772 0.729 1.    0.748 0.747 0.702 0.731]\n",
      " [0.77  0.721 0.774 0.74  0.69  0.675 0.744 0.683 0.767 0.762 0.741 0.768\n",
      "  0.748 0.774 0.767 0.748 1.    0.658 0.8   0.723]\n",
      " [0.624 0.552 0.762 0.606 0.717 0.881 0.603 0.606 0.586 0.761 0.578 0.755\n",
      "  0.613 0.745 0.55  0.747 0.658 1.    0.695 0.686]\n",
      " [0.705 0.673 0.787 0.75  0.694 0.716 0.743 0.682 0.747 0.775 0.695 0.782\n",
      "  0.762 0.79  0.761 0.702 0.8   0.695 1.    0.734]\n",
      " [0.662 0.701 0.756 0.683 0.665 0.731 0.723 0.629 0.696 0.77  0.661 0.744\n",
      "  0.685 0.805 0.688 0.731 0.723 0.686 0.734 1.   ]]\n"
     ]
    }
   ],
   "source": [
    "memat = mmat(data,\"s9\")\n",
    "print(np.array(memat))"
   ],
   "metadata": {
    "collapsed": false
   }
  },
  {
   "cell_type": "code",
   "execution_count": 5,
   "outputs": [
    {
     "name": "stdout",
     "output_type": "stream",
     "text": [
      "[[1.    0.744 0.77  0.744 0.74  0.768 0.744 0.744 0.767 0.768 0.744 0.768\n",
      "  0.748 0.77  0.767 0.768 0.77  0.762 0.77  0.756]\n",
      " [0.744 1.    0.732 0.75  0.706 0.709 0.75  0.711 0.75  0.735 0.75  0.732\n",
      "  0.75  0.743 0.75  0.741 0.75  0.709 0.75  0.723]\n",
      " [0.77  0.732 1.    0.768 0.74  0.771 0.772 0.71  0.767 0.823 0.744 0.872\n",
      "  0.775 0.825 0.767 0.787 0.787 0.762 0.79  0.805]\n",
      " [0.744 0.75  0.768 1.    0.717 0.748 0.764 0.711 0.768 0.768 0.769 0.768\n",
      "  0.814 0.775 0.827 0.768 0.767 0.747 0.762 0.734]\n",
      " [0.74  0.706 0.74  0.717 1.    0.74  0.732 0.727 0.726 0.74  0.727 0.74\n",
      "  0.728 0.74  0.727 0.74  0.74  0.74  0.74  0.74 ]\n",
      " [0.768 0.709 0.771 0.748 0.74  1.    0.76  0.682 0.743 0.771 0.708 0.771\n",
      "  0.76  0.771 0.729 0.771 0.768 0.881 0.771 0.76 ]\n",
      " [0.744 0.75  0.772 0.764 0.732 0.76  1.    0.711 0.764 0.772 0.764 0.772\n",
      "  0.772 0.772 0.764 0.772 0.772 0.745 0.772 0.772]\n",
      " [0.744 0.711 0.71  0.711 0.727 0.682 0.711 1.    0.711 0.683 0.779 0.711\n",
      "  0.711 0.711 0.769 0.711 0.741 0.683 0.711 0.688]\n",
      " [0.767 0.75  0.767 0.768 0.726 0.743 0.764 0.711 1.    0.762 0.768 0.767\n",
      "  0.767 0.767 0.768 0.754 0.767 0.743 0.767 0.743]\n",
      " [0.768 0.735 0.823 0.768 0.74  0.771 0.772 0.683 0.762 1.    0.741 0.823\n",
      "  0.775 0.823 0.762 0.787 0.775 0.762 0.79  0.805]\n",
      " [0.744 0.75  0.744 0.769 0.727 0.708 0.764 0.779 0.768 0.741 1.    0.744\n",
      "  0.767 0.741 0.769 0.741 0.767 0.717 0.761 0.723]\n",
      " [0.768 0.732 0.872 0.768 0.74  0.771 0.772 0.711 0.767 0.823 0.744 1.\n",
      "  0.775 0.825 0.767 0.787 0.782 0.771 0.79  0.805]\n",
      " [0.748 0.75  0.775 0.814 0.728 0.76  0.772 0.711 0.767 0.775 0.767 0.775\n",
      "  1.    0.775 0.814 0.772 0.774 0.745 0.775 0.775]\n",
      " [0.77  0.743 0.825 0.775 0.74  0.771 0.772 0.711 0.767 0.823 0.741 0.825\n",
      "  0.775 1.    0.767 0.787 0.79  0.762 0.79  0.805]\n",
      " [0.767 0.75  0.767 0.827 0.727 0.729 0.764 0.769 0.768 0.762 0.769 0.767\n",
      "  0.814 0.767 1.    0.768 0.767 0.729 0.767 0.734]\n",
      " [0.768 0.741 0.787 0.768 0.74  0.771 0.772 0.711 0.754 0.787 0.741 0.787\n",
      "  0.772 0.787 0.768 1.    0.774 0.762 0.787 0.772]\n",
      " [0.77  0.75  0.787 0.767 0.74  0.768 0.772 0.741 0.767 0.775 0.767 0.782\n",
      "  0.774 0.79  0.767 0.774 1.    0.762 0.8   0.774]\n",
      " [0.762 0.709 0.762 0.747 0.74  0.881 0.745 0.683 0.743 0.762 0.717 0.771\n",
      "  0.745 0.762 0.729 0.762 0.762 1.    0.762 0.761]\n",
      " [0.77  0.75  0.79  0.762 0.74  0.771 0.772 0.711 0.767 0.79  0.761 0.79\n",
      "  0.775 0.79  0.767 0.787 0.8   0.762 1.    0.79 ]\n",
      " [0.756 0.723 0.805 0.734 0.74  0.76  0.772 0.688 0.743 0.805 0.723 0.805\n",
      "  0.775 0.805 0.734 0.772 0.774 0.761 0.79  1.   ]]\n"
     ]
    }
   ],
   "source": [
    "comat = cmat(memat)\n",
    "print(np.array(comat))"
   ],
   "metadata": {
    "collapsed": false
   }
  },
  {
   "cell_type": "code",
   "execution_count": 6,
   "outputs": [
    {
     "name": "stdout",
     "output_type": "stream",
     "text": [
      "[[1.    0.75  0.77  0.77  0.74  0.77  0.77  0.769 0.768 0.77  0.769 0.77\n",
      "  0.77  0.77  0.77  0.77  0.77  0.77  0.77  0.77 ]\n",
      " [0.75  1.    0.75  0.75  0.74  0.75  0.75  0.75  0.75  0.75  0.75  0.75\n",
      "  0.75  0.75  0.75  0.75  0.75  0.75  0.75  0.75 ]\n",
      " [0.77  0.75  1.    0.775 0.74  0.771 0.772 0.769 0.768 0.823 0.769 0.872\n",
      "  0.775 0.825 0.775 0.787 0.79  0.771 0.79  0.805]\n",
      " [0.77  0.75  0.775 1.    0.74  0.771 0.772 0.769 0.768 0.775 0.769 0.775\n",
      "  0.814 0.775 0.827 0.775 0.775 0.771 0.775 0.775]\n",
      " [0.74  0.74  0.74  0.74  1.    0.74  0.74  0.74  0.74  0.74  0.74  0.74\n",
      "  0.74  0.74  0.74  0.74  0.74  0.74  0.74  0.74 ]\n",
      " [0.77  0.75  0.771 0.771 0.74  1.    0.771 0.769 0.768 0.771 0.769 0.771\n",
      "  0.771 0.771 0.771 0.771 0.771 0.881 0.771 0.771]\n",
      " [0.77  0.75  0.772 0.772 0.74  0.771 1.    0.769 0.768 0.772 0.769 0.772\n",
      "  0.772 0.772 0.772 0.772 0.772 0.771 0.772 0.772]\n",
      " [0.769 0.75  0.769 0.769 0.74  0.769 0.769 1.    0.768 0.769 0.779 0.769\n",
      "  0.769 0.769 0.769 0.769 0.769 0.769 0.769 0.769]\n",
      " [0.768 0.75  0.768 0.768 0.74  0.768 0.768 0.768 1.    0.768 0.768 0.768\n",
      "  0.768 0.768 0.768 0.768 0.768 0.768 0.768 0.768]\n",
      " [0.77  0.75  0.823 0.775 0.74  0.771 0.772 0.769 0.768 1.    0.769 0.823\n",
      "  0.775 0.823 0.775 0.787 0.79  0.771 0.79  0.805]\n",
      " [0.769 0.75  0.769 0.769 0.74  0.769 0.769 0.779 0.768 0.769 1.    0.769\n",
      "  0.769 0.769 0.769 0.769 0.769 0.769 0.769 0.769]\n",
      " [0.77  0.75  0.872 0.775 0.74  0.771 0.772 0.769 0.768 0.823 0.769 1.\n",
      "  0.775 0.825 0.775 0.787 0.79  0.771 0.79  0.805]\n",
      " [0.77  0.75  0.775 0.814 0.74  0.771 0.772 0.769 0.768 0.775 0.769 0.775\n",
      "  1.    0.775 0.814 0.775 0.775 0.771 0.775 0.775]\n",
      " [0.77  0.75  0.825 0.775 0.74  0.771 0.772 0.769 0.768 0.823 0.769 0.825\n",
      "  0.775 1.    0.775 0.787 0.79  0.771 0.79  0.805]\n",
      " [0.77  0.75  0.775 0.827 0.74  0.771 0.772 0.769 0.768 0.775 0.769 0.775\n",
      "  0.814 0.775 1.    0.775 0.775 0.771 0.775 0.775]\n",
      " [0.77  0.75  0.787 0.775 0.74  0.771 0.772 0.769 0.768 0.787 0.769 0.787\n",
      "  0.775 0.787 0.775 1.    0.787 0.771 0.787 0.787]\n",
      " [0.77  0.75  0.79  0.775 0.74  0.771 0.772 0.769 0.768 0.79  0.769 0.79\n",
      "  0.775 0.79  0.775 0.787 1.    0.771 0.8   0.79 ]\n",
      " [0.77  0.75  0.771 0.771 0.74  0.881 0.771 0.769 0.768 0.771 0.769 0.771\n",
      "  0.771 0.771 0.771 0.771 0.771 1.    0.771 0.771]\n",
      " [0.77  0.75  0.79  0.775 0.74  0.771 0.772 0.769 0.768 0.79  0.769 0.79\n",
      "  0.775 0.79  0.775 0.787 0.8   0.771 1.    0.79 ]\n",
      " [0.77  0.75  0.805 0.775 0.74  0.771 0.772 0.769 0.768 0.805 0.769 0.805\n",
      "  0.775 0.805 0.775 0.787 0.79  0.771 0.79  1.   ]]\n"
     ]
    }
   ],
   "source": [
    "eqvmat = emat(memat)\n",
    "print(np.array(eqvmat))"
   ],
   "metadata": {
    "collapsed": false
   }
  },
  {
   "cell_type": "code",
   "execution_count": 7,
   "outputs": [
    {
     "name": "stdout",
     "output_type": "stream",
     "text": [
      "[0.74, 0.75, 0.768, 0.769, 0.77, 0.771, 0.772, 0.775, 0.779, 0.787, 0.79, 0.8, 0.805, 0.814, 0.823, 0.825, 0.827, 0.872, 0.881, 1.0]\n",
      "20\n",
      "[[1 1 1 1 1 1 1 1 1 1 1 1 1 1 1 1 1 1 1 1]\n",
      " [1 1 1 1 1 1 1 1 1 1 1 1 1 1 1 1 1 1 1 1]\n",
      " [1 1 1 1 1 1 1 1 1 1 1 1 1 1 1 1 1 1 1 1]\n",
      " [1 1 1 1 1 1 1 1 1 1 1 1 1 1 1 1 1 1 1 1]\n",
      " [1 1 1 1 1 1 1 1 1 1 1 1 1 1 1 1 1 1 1 1]\n",
      " [1 1 1 1 1 1 1 1 1 1 1 1 1 1 1 1 1 1 1 1]\n",
      " [1 1 1 1 1 1 1 1 1 1 1 1 1 1 1 1 1 1 1 1]\n",
      " [1 1 1 1 1 1 1 1 1 1 1 1 1 1 1 1 1 1 1 1]\n",
      " [1 1 1 1 1 1 1 1 1 1 1 1 1 1 1 1 1 1 1 1]\n",
      " [1 1 1 1 1 1 1 1 1 1 1 1 1 1 1 1 1 1 1 1]\n",
      " [1 1 1 1 1 1 1 1 1 1 1 1 1 1 1 1 1 1 1 1]\n",
      " [1 1 1 1 1 1 1 1 1 1 1 1 1 1 1 1 1 1 1 1]\n",
      " [1 1 1 1 1 1 1 1 1 1 1 1 1 1 1 1 1 1 1 1]\n",
      " [1 1 1 1 1 1 1 1 1 1 1 1 1 1 1 1 1 1 1 1]\n",
      " [1 1 1 1 1 1 1 1 1 1 1 1 1 1 1 1 1 1 1 1]\n",
      " [1 1 1 1 1 1 1 1 1 1 1 1 1 1 1 1 1 1 1 1]\n",
      " [1 1 1 1 1 1 1 1 1 1 1 1 1 1 1 1 1 1 1 1]\n",
      " [1 1 1 1 1 1 1 1 1 1 1 1 1 1 1 1 1 1 1 1]\n",
      " [1 1 1 1 1 1 1 1 1 1 1 1 1 1 1 1 1 1 1 1]\n",
      " [1 1 1 1 1 1 1 1 1 1 1 1 1 1 1 1 1 1 1 1]]\n"
     ]
    }
   ],
   "source": [
    "print(lbd(eqvmat))\n",
    "print(len(lbd(eqvmat)))\n",
    "lctmat = lcmat(eqvmat,.338)\n",
    "print(np.array(lctmat))"
   ],
   "metadata": {
    "collapsed": false
   }
  },
  {
   "cell_type": "code",
   "execution_count": 8,
   "outputs": [
    {
     "name": "stdout",
     "output_type": "stream",
     "text": [
      "[0, 0, 0, 0, 0, 0, 0, 0, 0, 0, 0, 0, 0, 0, 0, 0, 0, 0, 0, 0]\n"
     ]
    }
   ],
   "source": [
    "clabel = label(lctmat)\n",
    "print(clabel)"
   ],
   "metadata": {
    "collapsed": false
   }
  },
  {
   "cell_type": "code",
   "execution_count": 9,
   "outputs": [
    {
     "name": "stdout",
     "output_type": "stream",
     "text": [
      "[[0, 1, 2, 3, 4, 5, 6, 7, 8, 9, 10, 11, 12, 13, 14, 15, 16, 17, 18, 19]]\n"
     ]
    }
   ],
   "source": [
    "clusters = cluster(clabel)\n",
    "print(clusters)"
   ],
   "metadata": {
    "collapsed": false
   }
  },
  {
   "cell_type": "code",
   "execution_count": 10,
   "outputs": [],
   "source": [
    "#print(davies_bouldin_score(obj(data),clabel),silhouette_score(obj(data),clabel))"
   ],
   "metadata": {
    "collapsed": false
   }
  },
  {
   "cell_type": "code",
   "execution_count": 11,
   "outputs": [
    {
     "name": "stdout",
     "output_type": "stream",
     "text": [
      "0.75 2 0.679 0.179\n",
      "0.768 3 0.787 0.037\n",
      "0.769 4 0.804 0.014\n",
      "0.77 5 0.875 0.068\n",
      "0.771 6 0.821 0.057\n",
      "0.772 7 0.873 0.054\n",
      "0.775 8 0.859 0.054\n",
      "0.779 9 0.846 0.106\n",
      "0.787 10 0.765 0.079\n",
      "0.79 11 0.733 0.067\n",
      "0.8 12 0.734 0.085\n",
      "0.805 13 0.656 0.069\n",
      "0.814 14 0.612 0.061\n",
      "0.823 15 0.544 0.061\n",
      "0.825 16 0.525 0.029\n",
      "0.827 17 0.459 0.04\n",
      "0.872 18 0.403 0.022\n",
      "0.881 19 0.369 -0.001\n"
     ]
    }
   ],
   "source": [
    "ld = list(lbd(eqvmat))\n",
    "ld.remove(lbd(eqvmat)[0])\n",
    "ld.remove(lbd(eqvmat)[len(lbd(eqvmat))-1])\n",
    "x = [i for i in range(1,len(ld)+1)]\n",
    "y = []\n",
    "lb = []\n",
    "for l in ld:\n",
    "    lctmat_l = lcmat(eqvmat,l)\n",
    "    clabel_l = label(lctmat_l)\n",
    "    clusters_l = cluster(clabel_l)\n",
    "    dbs = davies_bouldin_score(obj(data),clabel_l)\n",
    "    ss = silhouette_score(obj(data),clabel_l)\n",
    "    y.append(dbs)\n",
    "    lb.append(len(clusters_l))\n",
    "    print(l,len(clusters_l),round(dbs,3),round(ss,3))\n",
    "#plt.plot(x,y)\n",
    "#plt.xticks(x,lb)\n",
    "#plt.show()"
   ],
   "metadata": {
    "collapsed": false
   }
  },
  {
   "cell_type": "code",
   "execution_count": 11,
   "outputs": [],
   "source": [],
   "metadata": {
    "collapsed": false
   }
  }
 ],
 "metadata": {
  "kernelspec": {
   "display_name": "Python 3",
   "language": "python",
   "name": "python3"
  },
  "language_info": {
   "codemirror_mode": {
    "name": "ipython",
    "version": 2
   },
   "file_extension": ".py",
   "mimetype": "text/x-python",
   "name": "python",
   "nbconvert_exporter": "python",
   "pygments_lexer": "ipython2",
   "version": "2.7.6"
  }
 },
 "nbformat": 4,
 "nbformat_minor": 0
}
